4294967279,15
4294967279,14
4294967279,12
4294967279,11
4294967279,10
4294967278,239
4294967279,543
4294967294,30
4294967294,61
4294967294,50
4294967294,12
4294967294,92
4294967294,88
4294967294,11
4294967294,81
4294967294,5
4294967279,232
4294967279,229
4294967279,227
4294967278,226
4294967279,225
4294967279,223
4294967279,222
4294967278,221
4294967279,219
4294967278,218
4294967294,7
4294967294,39
4294967294,42
4294967294,99
4294967294,41
4294967294,51
4294967294,470
4294967294,969
4294967294,82
4294967294,1414
4294967278,132
4294967278,131
4294967278,130
4294967278,129
4294967278,128
4294967278,127
4294967278,126
4294967278,125
4294967278,124
4294967278,123
4294967278,122
4294967278,121
4294967278,120
4294967278,119
4294967278,118
4294967278,117
4294967278,116
4294967278,115
4294967278,114
4294967278,113
4294967278,112
4294967278,111
4294967278,110
4294967278,109
4294967278,108
4294967278,107
4294967278,106
4294967278,105
4294967278,104
4294967278,103
4294967278,102
4294967278,101
4294967278,100
4294967278,99
4294967278,98
4294967278,97
4294967278,96
4294967278,95
4294967278,94
4294967278,93
4294967278,92
4294967278,91
4294967278,89
4294967278,87
4294967278,86
4294967278,85
4294967278,84
4294967278,82
4294967278,81
4294967278,80
4294967278,79
4294967278,78
4294967278,77
4294967278,76
4294967278,260
4294967278,75
4294967278,74
4294967278,73
4294967278,72
4294967278,71
4294967278,70
4294967278,69
4294967278,68
4294967278,67
4294967278,304
4294967278,66
4294967278,65
4294967278,64
4294967278,63
4294967278,62
4294967278,61
4294967278,60
4294967278,59
4294967279,82
4294967279,80
4294967279,79
4294967279,78
4294967279,77
4294967279,76
4294967279,75
4294967279,300
4294967279,62
4294967279,60
4294967279,56
4294967279,49
4294967279,48
4294967279,547
4294967279,38
4294967279,37
4294967279,34
4294967279,31
4294967279,30
4294967279,28
4294967279,26
4294967279,284
4294967279,23
4294967279,19
4294967279,17
4294967279,16
4294967279,13
4294967279,9
4294967279,8
4294967279,7
4294967279,6
4294967279,5
4294967279,4
4294967278,216
4294967279,215
4294967294,68
4294967278,321
4294967279,541
4294967294,1418
4294967278,90
4294967278,235
4294967279,210
4294967279,321
4294967279,209
4294967294,1419
4294967294,948
4294967294,443
4294967294,169
4294967294,461
4294967294,411
4294967279,208
4294967279,313
4294967278,344
4294967279,207
4294967279,205
90,5
4294967279,204
90,4
90,3
90,2
90,1
4294967278,343
4294967279,203
4294967279,201
4294967279,200
4294967279,199
4294967278,314
4294967278,0
4294967279,565
4294967278,83
4294967278,372
4294967279,83
4294967279,196
4294967279,564
4294967278,359
4294967279,195
4294967279,194
4294967279,320
4294967279,81
4294967278,193
4294967278,341
4294967279,193
4294967278,192
4294967279,191
88,5
88,4
88,3
88,2
88,1
4294967278,312
4294967278,187
4294967278,186
4294967279,303
4294967294,1417
4294967294,436
4294967279,182
4294967279,562
4294967278,182
86,6
4294967278,179
4294967279,181
4294967279,180
86,5
4294967278,178
4294967279,178
4294967278,177
86,4
4294967279,177
86,3
86,2
86,1
4294967278,176
4294967279,176
4294967294,1415
4294967294,1
4294967294,1413
4294967294,904
4294967294,965
4294967294,900
4294967278,340
4294967279,550
4294967279,534
85,5
85,4
85,3
85,2
85,1
4294967278,307
4294967278,168
4294967279,168
4294967294,46
4294967278,301
4294967278,163
84,5
84,4
0,5
84,3
84,2
84,1
4294967278,279
4294967279,160
4294967279,549
4294967294,0
4294967294,185
4294967278,356
4294967294,22
4294967294,17
4294967278,155
4294967294,91
4294967294,87
4294967294,949
4294967294,29
4294967294,28
4294967294,920
4294967294,27
4294967279,156
4294967278,336
4294967279,155
83,5
4294967294,946
4294967294,26
4294967294,84
4294967278,154
4294967294,94
4294967294,96
4294967278,153
83,4
83,3
83,2
83,1
4294967279,560
4294967278,152
4294967294,52
4294967279,151
4294967278,151
4294967294,8
4294967278,150
4294967279,220
4294967278,149
4294967294,6
4294967294,93
4294967294,95
4294967294,67
4294967294,83
4294967294,43
4294967294,416
4294967294,25
4294967278,147
4294967278,146
4294967278,335
4294967279,145
4294967278,145
4294967278,144
4294967278,143
4294967278,142
81,4
4294967279,141
81,3
81,2
81,1
4294967279,523
4294967278,141
4294967278,291
4294967279,522
4294967278,332
4294967278,331
4294967279,555
4294967278,290
4294967278,353
4294967294,410
4294967294,453
4294967294,459
4294967278,289
4294967279,268
4294967279,271
4294967279,283
4294967278,366
4294967293,131
4294967293,130
4294967293,129
4294967293,128
4294967293,127
4294967293,126
4294967293,125
4294967293,124
4294967293,123
4294967293,122
4294967293,121
4294967293,120
4294967293,119
4294967293,118
4294967293,117
4294967293,116
4294967293,115
4294967293,114
4294967293,113
4294967293,112
4294967293,111
4294967293,110
4294967293,109
4294967293,108
4294967293,107
4294967293,106
4294967293,105
4294967293,104
4294967293,103
4294967293,102
4294967293,101
4294967293,100
4294967293,99
4294967293,98
